np.array([2.428316521335296,
 2.4184274066504208,
 2.3982566897039956,
 2.5730310266309862,
 2.503512039580297,
 2.3887144977999117,
 2.3167940718738378,
 2.5005956521497446,
 2.0992801909672734,
 2.3997249425110101,
 2.4170641410724341,
 2.5362252613360479,
 2.4234309721239526,
 2.4198580933738625,
 2.4783855817838609,
 2.3042023440317325,
 2.3026620615899853,
 2.44517923239821,
 2.4505087310514364,
 2.2180213676471294,
 2.2011702225943037,
 2.1901229827214044,
 2.3961211375945308,
 2.3828506274582586,
 2.1311537007025638,
 2.4891628011943228,
 2.2941325722795765,
 2.1545190589756298,
 2.6237294494262651,
 2.5295778786953962,
 2.1922668889424806,
 2.4566588862476428,
 2.3139491179092353,
 2.0281775663893478,
 2.4862978486631815,
 2.219798138659467,
 2.3348080930400537,
 2.1715687911999715,
 2.1183535558338931,
 2.3292096450983721,
 2.4960544643821168,
 2.4277795877506914,
 2.2081572765970967,
 2.3534309362190116,
 2.0295330826471689,
 2.3866254017828874,
 2.5231324580162156,
 2.2380895020062179,
 2.4012100029181673,
 2.2780169753940105,
 2.2421977625808212,
 2.5386756397286749,
 2.071682836773868,
 2.1175875685225529,
 2.1918948181429401,
 2.3795587133193568,
 1.9334872541078001,
 1.9790720876872634,
 2.2751959950597214,
 2.1624724816080998,
 2.4890692908636662,
 2.3204598093646656,
 1.973202103175729,
 2.3667459704357481,
 1.8571363318808709,
 2.0506724122449249,
 2.1292476169511723,
 2.2366695783244541,
 2.1751642791754442,
 2.121882265881788,
 2.4299429881165815,
 2.2084198240606288,
 2.1412516716989547,
 2.2163507434266236,
 2.2309569378599812,
 2.3088091542543747,
 2.4265892529430713,
 2.1948356401929501,
 2.2131512916687885,
 2.2784081651870185,
 2.2012627276920647,
 1.9825810619615574,
 1.9873202480685872,
 2.1161849834013857,
 2.0318806736119686,
 1.8709632051458125,
 2.2140509657695531,
 2.1844325785271028,
 2.0219163211092837,
 2.3806195919600857,
 2.1709543498431736,
 1.8283994133918138,
 2.0926918900582665,
 2.4712298100475265,
 2.204192400148457,
 2.1281909152116296,
 2.1620229320243314,
 2.2167011014370663,
 2.1133216927416565,
 1.9604462043365456,
 1.9251559048606459,
 2.1318150136878096,
 2.1104135174552989,
 2.1040024593102418,
 2.1007083389348353,
 2.186278307765301,
 2.1181628149154985,
 2.0973291365115827,
 2.2499117440578469,
 2.1424291455116218,
 2.1848535603244263,
 2.1244440049137996,
 1.6933041352159395,
 1.7758817387143575,
 2.1122639787754478,
 2.1748120310791696,
 2.1782922194894452,
 2.1112764677489864,
 1.7843863627407996,
 2.0322265277341827,
 2.1049556640450313,
 2.1572895923331137,
 2.1726222524364349,
 2.0981317927636454,
 2.1288508961662114,
 2.1360966266760073,
 2.1805360166471255,
 2.1444804493659775,
 2.2270502427493222,
 2.0848033829216446,
 2.0117516104745516,
 2.1772680623222196,
 2.1565203863607612,
 2.0380325477336192,
 2.43836365068025,
 2.1813773783846773,
 2.1334150024005187,
 2.3161147268881206,
 2.1648515362239653,
 2.1279934929942548,
 2.1348400642719785,
 2.1794915346573789,
 2.0994647331338876,
 1.8973774605894156,
 1.9998575873197646,
 2.0763814319474392,
 2.0981959949367823,
 1.9146966412936983,
 1.7685820421138987,
 2.144988236197745,
 1.9938288391489551,
 2.0300793609039931,
 1.9685787266841992,
 2.1342675616622544,
 2.1971146500801164,
 2.1350444440829119,
 2.1278010081929986,
 1.8113552799692303,
 1.9333190078164255,
 2.1291382711524314,
 2.0380299413104028,
 2.0707636007021781,
 2.121580060713717,
 2.1168464546837162,
 2.073737515264146,
 2.234120601049522,
 2.3376260511251017,
 2.0802220128122979,
 2.1457589826583292,
 1.683332795316711,
 2.0698739361433978,
 2.0028485074695723,
 2.016309801693887,
 2.1331763712460714,
 2.1978981071549479,
 2.1952662875536855,
 2.004857975626388,
 2.2618808779535051,
 2.1039245247582596,
 2.0891345136129318,
 2.2024607033512762,
 2.1703134634594861,
 2.0872456042731962,
 1.8805984294788791,
 1.7789745734480831,
 2.1351500819971472,
 2.13943779679051,
 2.1695063910572383,
 2.0303171916813585,
 1.9377177481086645,
 2.183026390893906,
 2.1608218569474071,
 2.0687915988775587,
 2.1420998201547348,
 1.9119794468036282,
 2.0699605947189874,
 2.1186126306236619,
 2.1563206845426119,
 2.0753154351683527,
 1.9198774052995824,
 2.0410459835374963,
 2.1173503538466001,
 2.1944903914818523,
 1.9564717249056311,
 2.0157721085632478,
 1.9379493504675174,
 2.1446441164461332,
 2.2232321215221571,
 2.1631600578154382,
 2.1383676968570189,
 2.0838644754046185,
 1.7948683184420953,
 2.0912314383105728,
 2.2091122948009025,
 1.8425554377108866,
 1.8221068589648055,
 1.6012344971254391,
 2.1461041393510727,
 2.0270811646892093,
 2.0875135566966594,
 2.1405778208497162,
 2.154539772484112,
 2.1235030935988441,
 2.2176692807893525,
 2.1380021144787817,
 2.2375304387822954,
 2.0760450520013189,
 1.8650167231704793,
 1.892917682126843,
 2.1623932555388503,
 2.097476906780845,
 2.155597185261247,
 2.1425048449416608,
 2.2103898968167499,
 1.9230453087986004,
 2.0784689060042809,
 2.0890301726570257,
 1.9268933610643537,
 2.1144937225074112,
 2.1241118960555507,
 2.1616916558632133,
 2.0936408421077957,
 1.8917424522452997,
 1.8107108324905143,
 1.7322244733777366,
 1.9563384044983332,
 1.6858714620458408,
 1.8914613261980304,
 1.9891752177956803,
 2.0545314126323384,
 1.930304551719813,
 2.1422634811849703,
 1.8521287467000209,
 2.1004137099061175,
 1.9128792324577413,
 2.1300995538469976,
 2.0295918936282433,
 2.0277908629764783,
 2.1532246680753926,
 1.9445843053546688,
 2.0517281241602463,
 2.0781070365897736,
 2.1562269877128504,
 2.0698752558663189,
 2.1186426228313304,
 1.9598558151382843,
 2.0270681835361852,
 1.8122688885935661,
 2.1421066042566359,
 2.0750785420421676,
 2.0369409051362757,
 1.8751434093825847,
 2.1443978923000109,
 2.1577624220625777,
 2.0813693466240961,
 1.9556010735279346,
 2.1493601052279625,
 1.9652468297369352,
 1.7581406777984392,
 2.102173201809205,
 2.1109443415311571,
 2.125105986040063,
 2.0539887166604052,
 2.1376370375609146,
 1.7680113735834824,
 2.0485166773066865,
 2.066303297447206,
 1.6907636002333732,
 1.8875265872028202,
 1.8065940616164149,
 2.100277727179539,
 2.1185745019634932,
 1.8435733900673876,
 2.056339823724064,
 2.3207634196680225,
 2.1142859880152476,
 2.0837309570457916,
 1.9442789909474674,
 2.1039577329696773,
 1.8082453380940535,
 2.0880016002161148,
 2.3198125614608585,
 2.1571229219271344,
 2.1613210215205854,
 2.0646589347612618,
 1.9207496446202275,
 2.145041501395279,
 1.6221003636725166,
 2.0975042804258424,
 2.1043652982854035,
 2.121989067121048,
 1.9092858264474193,
 2.0561239427906943,
 2.1605227792178465,
 1.9891277491286012,
 1.8353913572986609,
 1.9077922180933939,
 1.8780964415383887,
 2.1162913598218807,
 2.2287591623851499,
 2.124121807574471,
 2.196041777419647,
 1.7035234628318723,
 2.1371945466849525,
 1.7496567849612832,
 2.1170895029012966,
 2.0614541958642882,
 2.1165280429609759,
 2.142497434751609,
 2.1363702198621413,
 2.1525190933952407,
 1.5811684770828203,
 1.8182156494367747,
 1.7839011381318277,
 2.0939802829163559,
 2.0382750425936682,
 2.1036485604260977,
 1.874208468272671,
 2.1313172330256975,
 2.2040726122766241,
 2.1196075573117779,
 2.0601251679339629,
 2.0962507140249809,
 1.9957455927778587,
 2.1424176664281216,
 1.8324676498476493,
 2.0942233289357888,
 2.2062751420386251,
 2.1673076469071204,
 2.1711148774192965,
 2.1842772756977697,
 2.1619865519570189,
 2.0635145358819464,
 1.7833345005759937,
 2.1643970141567537,
 2.1144442173764086,
 2.1313833976031384,
 2.0827435712027298,
 2.2168980069165745,
 1.8601165668173725,
 2.0042235685214376,
 2.2154045071658102,
 2.0920844003817423,
 2.1220179842255971,
 1.7954000901473666,
 2.1280829782539241,
 2.1594620011019727,
 2.0857250245608321,
 2.1500595642319538,
 1.9456738652125343,
 2.1086588431098732,
 2.1154061146071843,
 1.9893952867938876,
 1.7045087429760948,
 1.7598259839639763,
 2.1333405582605587,
 2.077753716494668,
 2.3700250764439943,
 1.7173405288788777,
 1.7852969279470825,
 2.0954510236525987,
 1.6772188100202057,
 1.8627092799516816,
 2.1034479629423415,
 2.0548256483142691,
 2.0678090842271288,
 2.1050641845027678,
 2.240720884838511,
 2.1036309380258484,
 1.9855404993927446,
 2.1735469568690369,
 2.0724577871404852,
 1.802479582947486,
 2.1490842225460356,
 1.9603598760621139,
 1.977590363249105,
 1.9497287126934877,
 2.1426252652031637,
 1.53605788202292,
 2.1175216016572396,
 1.8772880800866416,
 2.0657107689826022,
 2.0346096170274608,
 2.1215427211261311,
 2.1025124239807313,
 1.9823459790595648,
 2.1778390277522366,
 2.0045511150498738,
 1.7229865716709809,
 2.1005874634931496,
 1.9819932797753759,
 2.2135978707061601,
 1.8544699603179908,
 2.099560233133408,
 2.0384870898710017,
 1.9182746582128165,
 2.2445013790435642,
 2.1715577523074407,
 2.1435756473065739,
 2.1277011481083745,
 2.1105340248599269,
 1.7521365320451041,
 1.9540077248594683,
 1.9874421456829865,
 1.9340359831079579,
 2.138144044979188,
 2.0804315494467005,
 2.141756389308572,
 2.1578521407142826,
 2.1006430286715165,
 2.3162496632628029,
 2.1472489777634998,
 2.1297387430451349,
 2.1170744856979007,
 1.6882887401446576,
 2.0648388803907527,
 1.9947939360329741,
 2.1717775972287714,
 2.1157882491737277,
 2.161122055293268,
 2.0829270934478448,
 1.6884116022723992,
 1.9361850601169728,
 2.0864769456874019,
 1.8718055389645327,
 2.116944227340845,
 1.4835722558977826,
 2.0502486940980722,
 2.0965472351882162,
 2.1528156270908458,
 2.1527329270920275,
 1.9955722784525025,
 2.0951095718060273,
 2.216478771255761,
 1.8577405879366433,
 1.7918722472785877,
 2.1272143209932368,
 1.8788961712478049,
 2.0692714337134031,
 1.9592667759481319,
 2.0338971828651164,
 2.0516129333995239,
 2.1164075826017945,
 1.5977913778345136,
 2.1663965523375004,
 1.9658302199921993,
 2.0759713375634132,
 1.8305711177246822,
 1.6272654298109379,
 1.6106281747364926,
 2.1404091261357476,
 2.0647356914577211,
 2.0744244627664647,
 2.1446081559853973,
 1.8258024551899672,
 2.0603377348028515,
 2.1768032211176949,
 2.0878873632506663,
 2.1065819715117802,
 1.71711626744979,
 1.6566962806467098,
 2.137833218148379,
 2.0852368452965733,
 1.8510683658475913,
 2.124321803377244,
 1.7864289576031822,
 1.9395535168556846,
 1.8046550477945302,
 1.6777844283381207,
 1.9965380865052456,
 2.1357116474378963,
 1.5959673827490184,
 1.883910989539259,
 2.1439573330673158,
 2.1091883571865528,
 2.0105186384630471,
 2.098010500738567,
 2.1241963356505558,
 2.0016777629989333,
 2.1705470916183867,
 1.7133389129610292,
 2.0887216135001108,
 1.7287497387837505,
 1.6921881182696885,
 2.1011593075871509,
 2.0617995829761417,
 2.1279969745616807,
 2.0758200657234944,
 2.1502409937231426,
 2.1039739959562032,
 2.0770877122583258,
 2.0509032114079795,
 2.1051735859131502,
 2.122513014911696,
 2.0727482361489531,
 2.0730138180541307,
 1.9237281070909751,
 2.1070190490881129,
 1.6870816112081348,
 1.6986892049781432,
 2.1440003560078629,
 2.1581552898351246,
 2.0819195596159279,
 2.0864921008368129,
 2.0745209735732062,
 1.9236874135689284,
 1.7656450027777733,
 2.1402797616573643,
 1.8741631686218954,
 2.0191360240687213,
 2.1026872988768188,
 2.2549704545276255,
 1.6970342911806233,
 2.1116156250421687,
 2.1333136436219489,
 1.9697380805265485,
 1.758561021264454,
 1.8495385259900281,
 2.1495042655872871,
 1.7983083882435185,
 2.159742572282132,
 2.1127400910102399,
 2.1119947818573261,
 2.2504136630795868,
 1.9315624163014826,
 2.0964240394188574,
 2.0827960707027144,
 1.7689331321105355,
 2.0943206442451325,
 2.0555592901300348,
 2.0766729696246671,
 2.1075173240943985,
 1.7040875095337227,
 2.1251091213976627,
 1.9986838622724199,
 1.8398166256897497,
 1.9591186730353782,
 1.6959316461148732,
 2.1783493760614934,
 2.1085661484214153,
 1.7545725573080317,
 2.1253272586371597,
 2.1592721510473813,
 2.1557379015106375,
 2.0961870206017177,
 1.6249656383585367,
 2.1092434674515554,
 1.7834979949632048,
 2.1090126297512395,
 1.9222424433608276,
 1.9460259560555322,
 2.1499659897077676,
 2.0641551832189453,
 2.1447496276387263,
 2.2652441003480877,
 1.9632047120196505,
 2.1390476077522367,
 2.1611972982970675,
 2.1006231499996515,
 2.1134268795627245,
 2.0527097470694868,
 2.1698108060290267,
 1.9638638933956352,
 2.0724395728906271,
 2.1156034760339626,
 1.9086701222671107,
 2.1257176893683161,
 2.1105175638142297,
 1.8053973369072251,
 1.7312458235436872,
 1.6996073159448886,
 2.1108917810785326,
 2.1500543240946146,
 2.1160022166320736,
 1.93624923106466,
 2.1187652594379438,
 1.9647626761602353,
 2.2317886756717598,
 1.8026607847215901,
 1.9397898359583103,
 1.9538761909086269,
 2.1242896715876216,
 2.1336166205049758,
 2.1573044193860467,
 2.1081951027766559,
 1.9363187302350291,
 2.0728223701522865,
 1.9233566997287777,
 2.081759125455509,
 2.1443043659964647,
 1.9674023192762646,
 2.1774842184708167,
 2.0732438809000064,
 2.0401991322587683,
 2.1429306416665566,
 2.0167253086822017,
 1.9203312305107336,
 1.9899024252816711,
 1.9179708326311158,
 2.0944751409450464,
 2.1681829120014742,
 2.1021556621858006,
 1.7973188153423851,
 2.1333062107937257,
 2.0423314280613396,
 2.1479358357668645,
 2.0466597359280247,
 1.9479347676024148,
 2.109732318734642,
 1.7941413667431292,
 1.9279941466661208,
 2.1040058622851157,
 1.7884859167615157,
 2.0891315638028858,
 1.8776955569606291,
 2.0125258129256767,
 1.8478077599839826,
 2.0758126800269805,
 2.1806891835861695,
 2.1356729436451767,
 1.9355754291446172,
 1.8313333071923588,
 1.5741507880026704,
 1.937724255354849,
 2.1511989778651106,
 1.564197026611938,
 2.118770002218473,
 2.1404541577658653,
 1.9118862558120773,
 2.1058455530721121,
 2.0713759204553126,
 2.0902839606300181,
 1.6360395093475342,
 1.9988307482482928,
 1.8428160938529328,
 2.095832519255743,
 2.1293672686977092,
 2.1235366901717341,
 2.156445099918443,
 2.0848455927063552,
 2.0318414794519382,
 1.7337964735501856,
 1.7076710698244486,
 2.11681960119581,
 1.6872562655261887,
 1.8607853405990782,
 1.5503827449675809,
 1.8879543640497387,
 2.1402559103546981,
 2.1085159274183574,
 1.9635312236987754,
 2.2004095735355724,
 1.9988176002272344,
 2.1055239636322214,
 2.1081573587386204,
 1.5486718237251,
 2.1263717823408208,
 2.1078831118106072,
 1.4449817943942342,
 1.6438567270829523,
 1.8995551369728219,
 2.0768787554638966,
 1.7826569470569098,
 2.1739783269872048,
 2.0875408370652813,
 2.1956254141508436,
 2.0391419874488608,
 2.0696736541787115,
 1.761867667278928,
 2.0761684123298125,
 2.0561522226855571,
 1.8819784585919015,
 1.9696122289270974,
 2.1259854436076289,
 2.1490872901538332,
 1.9121682666227835,
 1.9478006148458304,
 2.1253676678948059,
 2.279083972630763,
 2.1261436680777055,
 1.8295433092334832,
 2.0721806494837232,
 2.1598574497725456,
 1.7404516495114748,
 1.8840368399925234,
 1.7606627647848514,
 2.152104089051416,
 2.1250191479935556,
 2.1134487876456864,
 2.1051149322192293,
 2.0872687142902566,
 2.1022394532003212,
 2.2234617392896063,
 2.1202918234899397,
 2.0835728744274786,
 2.0783501622455409,
 1.7430558986955289,
 1.6745270416531832,
 1.8661246653386132,
 1.6823272970000891,
 1.9041361487552857,
 1.8101748088081571,
 2.3092543174036098,
 2.0705657795288421,
 2.0820446738298117,
 2.1959853584991329,
 2.0885449470094639,
 1.6038940099230223,
 1.8160894742491405,
 1.6310739241660832,
 1.6275386650633228,
 2.1961764670314863,
 1.8725911030230717,
 2.1215720270993064,
 2.1553729839871782,
 2.1485972135044773,
 1.9774068372719698,
 2.1396405187979224,
 2.1312955955426087,
 2.0558021900058465,
 1.8841949305683188,
 2.2130441883293681,
 1.6991582377428149,
 1.5028721998472849,
 2.1126853637022247,
 1.9315541791791999,
 1.9195589829296291,
 2.0957170090021444,
 1.9092396139935164,
 1.9756696720279785,
 2.0407630645264905,
 2.1673893166451932,
 2.0765500101023382,
 1.950175122824483,
 1.7128938236958622,
 2.0388357267382498,
 1.7336497228201444,
 1.4469794150139457,
 2.0954414165570312,
 2.1269529182810545,
 1.9802311390019292,
 1.9225776639153362,
 2.0896543837326589,
 1.6513867502087618,
 1.6663059518510264,
 1.6072742532809841,
 2.1325653557504638,
 2.0776514683786806,
 1.8377826711630556,
 1.8176141848959706,
 1.6189159010734517,
 1.9204870724406198,
 2.0268328339432373,
 2.1157437998144109,
 1.7560219834948179,
 1.9601660331391559,
 2.0448314274664643,
 1.8141692103789446,
 1.9259930515204076,
 2.1323610020368964,
 1.9901924771599371,
 2.1680942473175442,
 1.804840889364836,
 1.5119461636157823,
 2.0659021542448901,
 2.0594383218795373,
 2.1142910979786693,
 1.9578579533134823,
 2.1930287853556902,
 1.9076318522061135,
 2.1231612408120251,
 1.7574110583751263,
 2.1080920495707467,
 2.1224479336698447,
 2.321822864885283,
 2.0972838514688528,
 2.0695666546494906,
 1.9246635329635524,
 1.771271047004265,
 1.724105509624104,
 2.0873838504254683,
 2.1260781142541045,
 2.1300195766227437,
 1.6078510813332254,
 1.9238051285007312,
 1.7329458206842483,
 1.7248919178075557,
 2.1366637343571901,
 1.9917192491637581,
 2.0883985467673716,
 2.1011065409735772,
 2.114208387452194,
 2.0258824917817133,
 1.8509040205417191,
 2.1466037254478856,
 1.6174260280354757,
 2.1789419035212179,
 1.709345979535809,
 2.103876573808626,
 2.0808896523468272,
 2.1173620676730365,
 1.6633228757017195,
 2.1103378471019374,
 2.1047526009382769,
 2.0179463899732326,
 2.1344683798803059,
 1.5361152253749417,
 1.8648526910781804,
 1.6560609901891739,
 2.036368470836285,
 2.0781335293468191,
 2.0749632010699925,
 2.0364641557641749,
 1.7675905429780476,
 1.7865303993363932,
 2.1000090053144316,
 1.6533899417738713,
 2.0672623994487198,
 2.1069260945017798,
 2.0220646006251326,
 1.9801455517543882,
 2.0893328979129118,
 2.0889831693802794,
 2.1187430264268912,
 1.7166520711611766,
 1.656513003035506,
 1.6743477410086247,
 1.6913381865544561,
 2.1072934738958469,
 1.9604144397700096,
 1.8953330657725631,
 2.0989436554897249,
 2.0866025923836848,
 1.5113562009662445,
 2.0114366080158654,
 1.4665499510661772,
 2.0700858070667736,
 1.6177098619679249,
 1.7232782003544107,
 1.7108773828027226,
 2.1333610421440952,
 1.8212636700731983,
 1.6102884029507447,
 1.9739413828859833,
 2.0258828618846207,
 2.0871822842866075,
 2.0744615788990286,
 1.8457502676799189,
 2.1113401086152308,
 1.9889684776781615,
 2.137106667295817,
 2.0679868645957304,
 2.0902682506022634,
 2.0279643527005851,
 2.0808504961420944,
 2.2300077472694722,
 2.1427326930170278,
 1.8146927899811962,
 2.0683386346360546,
 2.1045679449742556,
 2.0574259062888012,
 2.2182453325082392,
 1.7597874882677884,
 1.8915912254099414,
 1.7809131349579459,
 2.1703294450175643,
 1.6722697012577774,
 2.2840078006348423,
 2.2730313478601145,
 2.113021966057369,
 2.0647326899023661,
 2.1613792436293049,
 1.785239410041757,
 1.7986540631628689,
 2.0928740704093958,
 1.9399450682462647,
 2.0747409842076441,
 1.9679428098997895,
 1.6810597069047437,
 1.767971067515663,
 1.6857427852980373,
 2.0864653694539101,
 1.9802816390627451,
 2.0938916763596662,
 2.0414610567536999,
 1.8530818467304404,
 2.3040144401861089,
 1.7503139526177467,
 1.7830245208905753,
 1.6303734952606193,
 2.2307117130968908,
 1.8575606289133699,
 2.1390453805055714,
 2.0910625831157907,
 2.1466040424970934,
 1.9940534853947474,
 1.8976380881212487,
 2.089102179652055,
 1.5237716247546795,
 1.6980261260706258,
 1.8321896180434278,
 1.6865297073461485,
 2.0635519591345859,
 2.2388723573470712,
 1.8887897211687097,
 1.7178668658075709,
 2.0216337982478696,
 1.5332064702575445,
 1.6878359611016556,
 1.7572951596415438,
 1.8656024749621871,
 2.1421702112689829,
 2.1573300714343704,
 1.7075576069766984,
 1.5500023536678766,
 2.0550134264057376,
 2.0702555502113427,
 2.159066481678181,
 2.1456009157657912,
 2.0351110851222853,
 1.7064536914698045,
 2.0609100140737757,
 2.0768920346424422,
 1.6456715850984778,
 1.7878114699783065,
 1.9547288629792836,
 2.1072055216498433,
 2.2204618260110909,
 1.5804167628599461,
 2.1590444226078374,
 2.1854742711262869,
 1.7658580718779673,
 2.2874417486346483,
 2.0891140418722465,
 1.482336739201928,
 2.1243360848780921,
 2.0061213450667279,
 2.0141507506407974,
 1.4150229598571065,
 2.0910065701087772,
 2.0752040149680919,
 1.9504110573061813,
 1.9721763917385553,
 2.0067384092471019,
 2.1073232946709739,
 2.0780491718125194,
 1.9358792592350651,
 1.8337605254356495,
 2.0233321846560961,
 2.1113213932674562,
 2.1604473099913011,
 1.7605649019359459,
 2.1215206651742493,
 1.9929564995598597,
 1.8618348547878909,
 1.9031948888593864,
 1.8143220713474448,
 1.722026206404184,
 1.8476643321427251,
 2.099758736685498,
 1.8320257452305337,
 2.1088365981574464,
 1.8606345769773667,
 2.1297901411787703,
 2.0642557745129437,
 2.1537172577236277,
 2.1637628286260937,
 2.0970668245665487,
 2.2455822373511571,
 1.8648380728678049,
 1.8607548436591432,
 1.9575620096221438,
 2.1164903166744513,
 2.1403752928034061,
 2.0610822688669903,
 2.1787688784695014,
 2.1928977797962164,
 1.795428556267004,
 1.9692927257866404,
 1.7531329450719446])